# version 39
{"visible":[[[0,32400]]
,[[0,32400]]
,[[0,32400]]
,[[0,32400]]
,[[0,32400]]
,[[0,32400]]
,[[0,32400]]
,[[0,32400]]
,[[0,32400]]
,[[0,17973],[4,1],[0,14426]]
,[[0,15628],[4,1],[0,176],[4,7],[0,171],[4,11],[0,168],[4,13],[0,167],[4,13],[0,166],[4,15],[0,165],[4,15],[0,165],[4,15],[0,164],[4,17],[0,164],[4,15],[0,165],[4,15],[0,1],[3,1],[0,163],[4,17],[3,1],[0,163],[4,16],[3,5],[0,159],[4,16],[0,165],[4,15],[3,3],[0,164],[4,13],[3,1],[0,169],[4,1],[0,2],[4,1],[0,1],[4,4],[3,2],[0,172],[4,1],[0,2],[4,1],[0,2],[3,3],[0,171],[3,1],[0,2],[3,1],[0,3],[3,3],[0,169],[3,1],[0,3],[3,1],[0,5],[3,1],[2,1],[0,168],[3,1],[0,179],[3,1],[0,179],[3,1],[0,12809]]
,[[0,32400]]
,[[0,32400]]
,[[0,32400]]
,[[0,32400]]
,[[0,32400]]
,[[0,32400]]
,[[0,32400]]
,[[0,32400]]
,[[0,32400]]
,[[0,32400]]
],"explored":[[[false,32400]]
,[[false,32400]]
,[[false,32400]]
,[[false,32400]]
,[[false,32400]]
,[[false,32400]]
,[[false,32400]]
,[[false,32400]]
,[[false,32400]]
,[[false,32400]]
,[[false,32400]]
,[[false,32400]]
,[[false,32400]]
,[[false,32400]]
,[[false,32400]]
,[[false,32400]]
,[[false,32400]]
,[[false,32400]]
,[[false,32400]]
,[[false,32400]]
,[[false,32400]]
],"notes":[[],[],[],[],[],[],[],[],[],[],[],[],[],[],[],[],[],[],[],[],[]],"extras":[[],[],[],[],[],[],[],[],[],[],[[155,96,"mx_dormant"]
],[],[],[],[],[],[],[],[],[],[]]}