# version 39
{"visible":[[[0,32400]]
,[[0,32400]]
,[[0,32400]]
,[[0,32400]]
,[[0,32400]]
,[[0,32400]]
,[[0,32400]]
,[[0,32400]]
,[[0,32400]]
,[[0,32400]]
,[[0,5003],[3,2],[0,3],[3,1],[0,175],[3,1],[0,3],[3,1],[0,175],[3,1],[0,3],[3,1],[0,175],[3,1],[0,3],[3,2],[0,174],[3,2],[0,2],[3,2],[0,174],[3,2],[0,2],[3,2],[0,174],[4,2],[0,1],[4,3],[0,175],[4,5],[0,2],[3,1],[0,2],[3,2],[0,165],[4,1],[0,1],[4,5],[0,2],[4,2],[3,2],[0,164],[4,14],[3,3],[0,160],[3,1],[4,16],[3,6],[0,157],[4,17],[3,2],[0,161],[4,17],[0,162],[4,17],[0,163],[4,17],[0,163],[4,17],[0,162],[4,18],[0,163],[4,16],[0,164],[4,16],[0,164],[4,15],[0,166],[4,13],[0,167],[4,13],[0,168],[4,11],[3,1],[0,170],[4,7],[0,176],[4,1],[0,23077]]
,[[0,32400]]
,[[0,32400]]
,[[0,32400]]
,[[0,32400]]
,[[0,32400]]
,[[0,32400]]
,[[0,32400]]
,[[0,32400]]
,[[0,32400]]
,[[0,32400]]
],"explored":[[[false,32400]]
,[[false,32400]]
,[[false,32400]]
,[[false,32400]]
,[[false,32400]]
,[[false,32400]]
,[[false,32400]]
,[[false,32400]]
,[[false,32400]]
,[[false,32400]]
,[[false,32400]]
,[[false,32400]]
,[[false,32400]]
,[[false,32400]]
,[[false,32400]]
,[[false,32400]]
,[[false,32400]]
,[[false,32400]]
,[[false,32400]]
,[[false,32400]]
,[[false,32400]]
],"notes":[[],[],[],[],[],[],[],[],[],[],[],[],[],[],[],[],[],[],[],[],[]],"extras":[[],[],[],[],[],[],[],[],[],[],[[149,38,"mx_grass2"]
],[[149,36,"mx_bugout"]
,[146,41,"mx_house_wasp"]
],[],[],[],[],[],[],[],[],[]]}