# version 39
{"visible":[[[0,32400]]
,[[0,32400]]
,[[0,32400]]
,[[0,32400]]
,[[0,32400]]
,[[0,32400]]
,[[0,32400]]
,[[0,32400]]
,[[0,32400]]
,[[0,32400]]
,[[0,19818],[3,1],[0,175],[3,1],[0,3],[3,1],[0,175],[3,2],[0,2],[3,1],[0,174],[3,3],[0,2],[3,1],[0,174],[3,4],[0,1],[3,1],[0,2],[3,1],[0,171],[3,2],[4,7],[0,172],[4,10],[0,164],[3,2],[0,5],[4,10],[0,163],[3,5],[4,14],[0,167],[4,14],[0,167],[4,13],[0,166],[4,15],[0,163],[3,2],[4,15],[0,161],[3,3],[0,1],[4,15],[0,160],[3,3],[0,1],[4,17],[0,159],[2,1],[3,1],[0,3],[4,15],[0,164],[3,1],[4,15],[0,165],[4,15],[0,166],[4,13],[0,167],[4,13],[0,168],[4,11],[0,171],[4,7],[0,176],[4,1],[0,8618]]
,[[0,32400]]
,[[0,32400]]
,[[0,32400]]
,[[0,32400]]
,[[0,32400]]
,[[0,32400]]
,[[0,32400]]
,[[0,32400]]
,[[0,32400]]
,[[0,32400]]
],"explored":[[[false,32400]]
,[[false,32400]]
,[[false,32400]]
,[[false,32400]]
,[[false,32400]]
,[[false,32400]]
,[[false,32400]]
,[[false,32400]]
,[[false,32400]]
,[[false,32400]]
,[[false,32400]]
,[[false,32400]]
,[[false,32400]]
,[[false,32400]]
,[[false,32400]]
,[[false,32400]]
,[[false,32400]]
,[[false,32400]]
,[[false,32400]]
,[[false,32400]]
,[[false,32400]]
],"notes":[[],[],[],[],[],[],[],[],[],[],[],[],[],[],[],[],[],[],[],[],[]],"extras":[[],[],[],[],[],[],[],[],[],[],[[19,121,"mx_grass"]
],[],[],[],[],[],[],[],[],[],[]]}