# version 39
{"visible":[[[0,32400]]
,[[0,32400]]
,[[0,32400]]
,[[0,32400]]
,[[0,32400]]
,[[0,32400]]
,[[0,32400]]
,[[0,32400]]
,[[0,32400]]
,[[0,32400]]
,[[0,4236],[4,1],[0,176],[4,7],[0,171],[4,11],[0,168],[4,13],[0,167],[4,13],[0,163],[4,18],[0,160],[4,20],[0,160],[4,20],[0,159],[4,22],[0,158],[4,21],[0,159],[4,21],[0,159],[4,21],[0,157],[4,22],[0,158],[4,22],[0,157],[4,10],[0,1],[4,11],[0,158],[4,9],[0,4],[4,7],[0,160],[4,9],[0,7],[4,1],[0,163],[4,7],[0,173],[4,7],[0,173],[4,7],[0,173],[4,8],[0,172],[4,8],[0,173],[4,9],[0,171],[4,9],[0,172],[4,9],[0,172],[4,8],[0,172],[4,8],[0,173],[4,8],[0,1],[4,1],[0,170],[4,10],[0,170],[4,10],[0,170],[4,10],[0,171],[4,9],[0,171],[4,9],[0,173],[4,3],[0,22230]]
,[[0,32400]]
,[[0,32400]]
,[[0,32400]]
,[[0,32400]]
,[[0,32400]]
,[[0,32400]]
,[[0,32400]]
,[[0,32400]]
,[[0,32400]]
,[[0,32400]]
],"explored":[[[false,32400]]
,[[false,32400]]
,[[false,32400]]
,[[false,32400]]
,[[false,32400]]
,[[false,32400]]
,[[false,32400]]
,[[false,32400]]
,[[false,32400]]
,[[false,32400]]
,[[false,32400]]
,[[false,32400]]
,[[false,32400]]
,[[false,32400]]
,[[false,32400]]
,[[false,32400]]
,[[false,32400]]
,[[false,32400]]
,[[false,32400]]
,[[false,32400]]
,[[false,32400]]
],"notes":[[],[],[],[],[],[],[],[],[],[],[[89,48,"WATER",false,0]
],[],[],[],[],[],[],[],[],[],[]],"extras":[[],[],[],[],[],[],[],[],[],[],[],[],[],[],[],[],[],[],[],[],[]]}